I = 130
L = 30
c0 = 0.6022140857
epsilon_m = 80
N = 524288
D0 = 1.00E+06
DC = 1
DA = 1
epsilon = 1
Dt = 0.001
phi0 = 0.0258519910
T = 300