I = 600
L = 10
c0 = 0.6022140857
epsilon_m = 80
N = 32768
D0 = 1.00E+06
DC = 1
DA = 1
epsilon = 1
Dt = 0.0005
phi0 = 0.0258519910
T = 300
model = 0
kA = 0.0
foxA = 0.0
kC = 0.0
foxC = 0.0
M = 10